0
1682944
179712
3459584
898
1976
0
675328
140288
1135616
389632
1070080
14336
208384
893952
37888
73728
528384
200192
1021440
660128
963232
230912
498688
514560
50688
175616
765952
266128
7
674304
356528
71168
307
12784
7067
5082
4816
5076
8006
3912
66
59
64
65
61
62
64
3969
103
44
4028
133
107
96
103
68
48
62
73
59
64
3823
56
44
3859
96
107
102
101
71
66
52
45
73
72
76
73
74
3858
67
70
73
63
69
73
2598
2633
1240
2548
2494
1890
658
2182
6292
142619
78426
31734
18616
20787
9303
7856
5040
11054
2259
1111
859
4893
1172
1329
1345
1563
1233
1360
1292
444
2724
700
748
745
861
757
835
853
626
3206
817
927
876
1028
884
993
936
698
3594
870
971
978
1070
914
1046
961
755
3694
929
906
917
1041
825
997
914
758
3698
917
888
860
984
805
949
938
654
3556
1218
1017
955
1166
842
1147
1100
614
3423
1010
887
801
976
813
925
922
729
3665
1072
973
855
1115
1018
1095
979
634
3553
975
863
855
1042
888
918
911
1043
5756
1494
1476
1326
1611
1370
1555
1481
682
3722
909
970
894
997
889
1013
881
469
299
388
5807
3337
127
4934
904873
263080270
16489
20493
12342
568161
10148
120684
193
218907
122292
416086
12214
5010
77
71
83
4393
469760
455164
452608
140996
141072
140752
17324316
16983244
16489616
4393
469760
455164
452608
2843
105
96
101
119
115
122
119
63
73
73
58
65
3370
105
96
101
103
104
104
105
102
68
52
60
55
3259
97
88
94
103
47
53
60
3206
105
96
101
103
49
67
58
65
3856
101
92
94
96
151
147
138
141
137
103
47
53
68
55
57
56
3608
97
88
94
101
105
97
110
103
104
102
107
101
113
122
95
98
103
124
107
106
101
119
97
96
61
104
59
197
114
3856
97
88
94
58
62
58
3574
105
96
101
119
122
119
103
45
45
57
52
2751
105
92
98
95
106
104
44
62
53
54
61
50
2994
104
105
95
98
103
105
100
98
103
60
55
62
51
55
54
52
2442
2468
2805
2543
2327
3149
1148
2594
4800
2457
123
110
123
124
108
114
120
121
122
133
124
125
106
114
119
131
129
110
111
111
113
112
114
120
123
122
120
121
115
115
123
113
115
114
108
122
120
109
110
104
104
125
126
111
123
124
111
121
120
131
127
113
117
115
114
124
118
1845
1864
1892
1869
329
326
327
334
555
159
217
496
430
213
222
129
327
1157
258
258
296
251
723
492
397
440
657
458
460
7110
79519
104
810
2018
18227
28347
2781
3008
447
179
468
172
437
163
433
166
256
434
161
430
158
435
156
450
166
439
158
388
323
393
433
321
401
410
294
292
762
560
378
324
369
357
403
439
408
351
451
284
282
566
405
431
314
370
435
267
340
450
475
362
556
417
504
346
264
529
364
277
372
332
404
379
458
442
362
331
292
567
256
655
486
345
536
325
341
323
494
420
308
552
477
426
320
332
343
528
293
362
389
494
282
516
484
320
439
270
373
326
389
292
351
433
273
380
591
361
514
501
573
403
487
452
489
356
604
309
413
343
537
429
387
364
360
360
540
282
523
556
440
413
377
327
447
296
402
305
388
483
420
426
383
389
401
559
444
481
363
366
374
348
423
326
368
377
386
314
433
425
339
462
570
424
424
344
350
326
283
382
503
328
351
362
434
260
427
359
427
507
493
471
344
340
313
356
431
523
435
524
345
329
363
503
428
378
601
397
411
491
384
429
290
561
361
371
385
367
339
432
366
491
487
455
370
342
478
438
425
559
448
475
346
379
456
391
416
412
328
343
437
341
275
268
222
208
214
216
212
219
205
223
223
129
176
233
143
115
186
146
103
151
206
144
130
101
135
153
138
138
139
107
105
152
162
134
157
99
127
132
120
132
155
57
60
162
89
114
66
216
59
60
71
77
70
168
89
2646736
2714584
1121842
2646736
1977112
2646736
5425212
2714584
2714584
2646736
2646736
2646736
2646736
2646736
2646736
1592626
2162338
2646736
2714584
2646736
2158870
2646736
2646736
6325080
2646736
2646736
2646736
2646736
2236396
2714584
2264098
2646736
2646736
2646736
2714584
2646736
2646736
2055940
2714584
2646736
1396652
1323736
1323736
1323736
1323736
1323736
2714584
2714584
2714584
2646736
2714584
1248562
2646736
2646736
1214122
2714584
2714584
2646736
2646736
2004802
2646736
2186662
1797052
2646736
1017982
613300
2646736
2184556
1395316
2646736
2646736
2646736
1887088
850330
1958728
2646736
2714584
2646736
2646736
2316592
2714584
2432392
2405152
2714584
2646736
2362228
1464454
1287280
1821886
1009120
2413258
2646736
2437108
1791004
1438288
2542102
2646736
2646736
2714584
2330212
1886620
2714584
1039840
2332432
3368116
2646736
2646736
2714584
2646736
2714584
2714584
1431958
2714584
1401352
2646736
2646736
2714584
2646736
2714584
2646736
2646736
1043668
852730
2768940
1323736
1323736
265336
1323736
1325548
1324258
1146832
265336
7938736
89488
226606
133036
5292736
5292736
5292736
496864
1692184
2646736
2412610
1945644
2646736
2714584
2646736
2646736
13267135
13046477
13624735
3998959
3715420
13610747
14072897
13225618
3807542
13438056
13439183
13667167
168
197
184
164
156
169
156
173
168
181
181
185
180
166
1933
381
1522
194612
3638
3412
5782
2178
2177
2567
2573
2573
4044
5197
4211
3834
2310
3735
4304
4190
3877
3654
4990
2944
2755
3034
2549
4169
3702
2241
3192
3245
10217
4603
3195
6007
3700
2794
4290
7002
3268
2013
2769
2642
2638
6993
4200
3841
7666
3699
8902
2611
2257
2259
2855
4284
6944
3307
2482
6859
2525
2653
9126
9857
2129
2495
3704
3990
3090
5496
3118
2144
3922
3757
2628
2736
4541
2969
2176
4742
2694
2389
2654
2773
2812
5847
2468
2219
2239
3321
6249
3049
2003
2250
3559
4970
2904
2256
2816
2541
3386
2075
2259
2377
1143
3343
4165
3586
3757
1433
4076
3013
3495
2707
2668
2383
5026
3244
3591
3307
3962
3178
3155
5316
2019
3863
1842
1837
2228
2925
3634
4421
2577
1907
3321
3077
4131
4732
4612
3843
3410
8628
3131
2112
5338
3421
3596
4668
2162
5201
3284
2968
2156
2590
3391
2754
2248
3282
3173
2947
2062
2049
1415
2733
6192
3386
2294
7191
7664
2783
10149
4141
2955
6614
2364
3489
6005
2175
5068
2784
3529
3222
4633
3104
1880
2479
6265
1966
3791
6565
6026
1523
3784
3184
8614
3246
5464
2161
2944
2745
5679
2972
3626
2695
2887
2954
2773
5210
1913
2701
3674
3138
2558
4206
2811
9458
2984
3896
2187
2916
5713
2662
3409
2810
2249
2912
5076
2641
2961
3009
2883
8704
3010
4769
2185
3716
2996
2250
3758
3545
3467
10363
4692
5451
5248
2876
3109
1964
7148
3877
1970
8595
1765
2932
5460
2382
5066
6787
9368
2249
8524
3434
2834
3518
3423
4719
4066
5758
4910
2781
7683
2850
2829
5619
5246
9142
7489
2011
2717
3796
2080
5057
6069
6312
2525
4510
3594
4949
6088
2801
3792
2459
2729
2842
6084
5030
2940
3682
3535
3200
3088
3917
3238
10402
4509
4463
3273
2741
5024
7784
9771
2217
2530
1757
2328
2369
3521
6804
2565
2118
2864
2661
2945
2084
2648
3198
3909
3662
2604
2325
2839
2342
8323
3141
3247
3317
3305
8793
9027
2854
3200
2492
2662
2782
2916
2705
2032
2331
8244
7118
3074
1878
3148
4132
5150
7406
4546
2488
2087
3632
4312
2232
2261
8678
5889
2272
2868
8130
2458
3836
26461
29870
14703
20096
41865
12547
16895
10444
15658
33505
21833
23632
15260
20616
12200
24257
10475
13737
15538
19260
3236
26104
11350
34544
9542
38269
9055
17567
7594
13346
20869
34255
8298
25176
26575
9605
9735
36278
18596
22725
197565
196000
380431
2287
21167
51366
11295
16648
11235
7392
37924
10799
59284
13151
3045
8419
979
993
1087
2716
1520
743
2330
2519
2410
2531
2403
1924
2328
3747
6979
5271
2312
5297
2882
3362
4401
4853
1982
3169
2227
6386
6685
13307
3743
7466
3275
2282
3162
4473
2257
1918
3489
3503
4489
5709
5828
11116
4878
14438
2618
3940
2885
3131
5456
3198
2527
3961
3633
2678
3500
3153
3703
3537
2709
2524
2834
4200
4602
2683
2087
8227
3211
2931
3628
2906
1899
8432
7524
3341
2366
2372
2343
2196
3638
3086
2693
2324
3877
194295
2844
2528
5295
3141
5661
2522
3530
3427
3147
9136
7673
4843
6570
14744
12511
2727
6402
3857
3542
6094
2292
2220
1797
5829
2820
1868
1881
1863
3646
4136
3393
4858
3064
319
235852
246197
323560
286452
229190
188866
266635
242867
203738
190390
212074
215948
256478
161033
277909
245886
190152
180556
217657
229756
195341
239348
182538
166963
232502
181877
172006
183341
265372
264702
302733
237280
206956
258359
143277
275784
245719
284267
277810
168775
229629
283721
241738
234141
240130
251
336
276
448
382
362
426
353
409
308
343
303
320
295
277
407
326
267
349
377
356
369
296
303
319
248
270
239
259
299
297
335
435
271
312
383
303
346
316
345
323
260
327
417
310
461528
1417592
1764044
6174044
2884240
175148
2874608
2883392
1642540
467150
379724
1764044
197676
2875824
2952216
2964680
6174044
2890696
5292044
2825488
2930732
5580520
1501228
859820
2659412
5834684
745516
3528044
17425
1523
10266
856
11785
14029
1240
13973
1236
14012
1099
14226
1358
13178
1181
14050
1248
13204
1116
22839
1930
14579
1203
14926
12380
143014
70792
16918
2518
148495
12960
12015
33368
63703
14021
6403
5104
135369
22977
13462
1477
1352
1792
1587
1931
1337
1794
1578
1418
1799
9806
7743
105
85333
42385
11786
1212
83292
7769
8054
18431
35988
9071
4163
3044
85496
13751
7392
927
823
105
1033
983
1162
844
1113
992
942
1064
10036
9039
95590
49189
12295
1758
95372
9611
7938
21178
42246
9330
4573
3208
96969
14867
8334
964
862
1144
1013
1196
937
1164
1038
995
1300
11638
9677
110633
58004
13995
1951
112118
10850
9298
25191
48339
10650
5193
3853
106548
17745
10169
1145
1053
1345
1296
1023
1238
1226
1177
11843
10282
115185
58425
14343
1681
112332
10731
9224
24713
49114
10203
5352
3947
107414
18038
9981
1052
1007
1310
1106
1052
1112
1242
1086
11230
10165
108590
55903
13339
1970
110590
10859
8549
24496
48335
10698
4940
103028
16837
9671
1029
987
1295
1120
1029
1143
1031
1042
13386
10229
120388
58982
16708
1464
113986
10931
11930
24610
49940
10606
5812
4640
111890
18165
10708
1263
1012
1359
1198
1498
1135
1343
1326
1291
1337
12548
10128
105
112403
55812
15138
1315
110840
10187
10488
23091
46619
9597
5314
4028
104312
17750
9830
1084
948
105
1246
1086
1336
987
1138
1073
1106
1219
11984
10147
113181
56480
14361
1712
115300
11320
8965
25311
49340
11392
5392
4174
105250
17327
10244
1135
1090
1389
1199
1012
1196
1091
1165
11396
9565
104887
52865
13051
1739
107069
10350
8577
24475
46300
10820
4881
101145
16624
9307
1047
955
1250
1269
1125
1009
1140
1093
1017
18010
16615
189106
95682
23455
3142
200665
19350
14605
43559
82142
17003
8592
6613
158283
28794
17972
1754
1612
2051
1892
1478
1919
1928
1764
10426
9038
108060
56465
13389
1447
109769
10319
8491
23531
47464
9601
4646
3697
100133
16233
9228
1067
1021
1230
1147
1028
1132
1149
1010
439
232440
87508
6981
10148
297
2143
249
6952
9486
9735
5560
4723
10314
8715
10201
17116
6834
8624
278814
321140
7148
311
860
3989
234
581
4480
212
604
5473
260
735
5463
233
734
5144
248
677
5403
225
713
5477
190
639
5515
250
694
5116
269
691
9530
367
1010
5278
225
645
